10100000011001000011111000101000
01000000010101000010011001001010
00000001010011010101011001010101
01001101101000001010011010101011
00101010011011111111010101011010
00001010111010101011001010101010
11101100101011101111101011101010
10111010110110111110110110101110
11111011101010101011001010101011
11100000001111100010111010101010
10010010101010100001011101010011
01101101001101011101001101110101
11110100100100000100111010110110
10011011001010111010011011111010
01101110101001101000101100101011
01111110001100001001011010110100
01010110000010110010100011111111
11111111111111111111111111100011
10111010100011111111111111111111
xxxx
00000000000000000000000000000000
01111111110000000000000000000010
11111000111101010000001111111111
11010110000000100000000000001000
00111110000000001111111111111101
01111111111111000111111111110111
11111111110000000000001111111100
00000111000000001111100011111111
