00000000000000000000000000000000
00000000000000000000000000000000
00000000000000000000000000000000
00000000000000000000000000000000
00000000000000000000000000000000
01111000000000000000000000000000
00000000000000000000000000000000
01111000111101010000001111111111
00000000000000000000000000000000
00111110000010001111111111111101
00000000000000000000000000000000
00000000000000000000000000000000
01111111110000000000000000000010
11111000111101010000001111111111
00111110000000001111111111111101
11111000111101010000001111111111
01111111110000000000000000000010
01111111111111000111111111110111
01111111111111000111111111110111
01111111110000000000000000000010
11111000111101010000001111111111
00111110000000001111111111111101
11111000111101010000001111111111
00000111000000010111100011111111
11111000111101010000001111111111
01111111111111000111111111110111
01111111111111000111111111110111
11010110000000100000000000001000
11111000111101010000001111111111
00111110000000001111111111111101
11111000111101010000001111111111
11010110000000100000000000001000
00111110000000001111111111111101
11010110000000100000000000001000
00000111000000001111100011111111
11010110000000100000000000001000
11111000111101010000001111111111
11111111110000000000001111111100
01111111111111000111111111110111
00000111000000001111100011111111
01111111111111000111111111110111
11010110000000100000000000001000
00000111000000001111100011111111
11111111110000000000001111111100
11111000111101010000001111111111
00111110000000001111111111111101
11111000111101010000001111111111
00000111000000001111100011111111
10000000000000000000000000000001
11111111110000000000001111111100
11111000111101010000001111111111
01111111110000000000000000000010
00000000001010000000000000000000
11111111110000000000001111111100
01111111110000000000000000000010
01111111111111000111111111110111
01111111110000000000000000000010
11010110000000100000000000001000
01111111110000000000000000000010
11111111110000000000001111111100
00000111000000001111100011111111
01111111110000000000000000000010
01101111110000000000001111111100
01111111111111000111111111110111
01111111110000000000000000000010
00111110000000001111111111111101
11010110000000100000000000001000
01111111110000000000000000000010
00000111000000001111100011111111
01111111110000000000000000000010
11111111110000000000001111111100
01111111110000000000000000000010
00000000000000000000000000000000
00111110000000001111111111111101
11010110000000100000000000001000
01111111110000000000000000000001
01110111111111000111110111110111
00000000000000000000000000000000
11010110000000100000000000001000
11010110000000100000000000001000
00111110000000001111111111111101
00000000000000000000000000000000
11111111111111111111111111111111
11111111111111111111111111111111
11111111111111111111111111111111
11111111111111111111111111111111
11111111111111111111111111111111
11111111110000000000001111111100
00000000000000000000000000000000
