00000000000000000000000000000000 --> 101 000
00000000000000000000000000000000
00000000000000000000000000000000
00000000000000000000000000000000
00000000000000000000000000000000 --> 000 11
01111000000000000000000000000000 --> 001 00001 1111 000
00000000000000000000000000000000 --> 101 000
01111000111101010000001111111111 --> 010 00000 010
00000000000000000000000000000000 --> 101 000
00111110000010001111111111111101 --> 010 01100 100
00000000000000000000000000000000 --> 101 000
00000000000000000000000000000000 --> 000 00
01111111110000000000000000000010 --> 101 001
11111000111101010000001111111111 --> 101 010
00111110000000001111111111111101 --> 101 100
11111000111101010000001111111111 --> 101 010
01111111110000000000000000000010 --> 101 001
01111111111111000111111111110111 --> 101 101
01111111111111000111111111110111 --> 000 00
01111111110000000000000000000010 --> 101 001
11111000111101010000001111111111 --> 101 010
00111110000000001111111111111101 --> 101 100
11111000111101010000001111111111 --> 101 010
00000111000000010111100011111111 --> 011 01111 111
11111000111101010000001111111111 --> 101 010
01111111111111000111111111110111 --> 101 101
01111111111111000111111111110111 --> 000 00
11010110000000100000000000001000 --> 101 011
11111000111101010000001111111111 --> 101 010
00111110000000001111111111111101 --> 101 100
11111000111101010000001111111111 --> 101 010
11010110000000100000000000001000 --> 101 011
00111110000000001111111111111101 --> 101 100
11010110000000100000000000001000 --> 101 011
00000111000000001111100011111111 --> 101 111
11010110000000100000000000001000 --> 101 011
11111000111101010000001111111111 --> 101 010
11111111110000000000001111111100 --> 101 110
01111111111111000111111111110111 --> 101 101
00000111000000001111100011111111 --> 101 111
01111111111111000111111111110111 --> 101 101
11010110000000100000000000001000 --> 101 011
00000111000000001111100011111111 --> 101 111
11111111110000000000001111111100 --> 101 110
11111000111101010000001111111111 --> 101 010
00111110000000001111111111111101 --> 101 100
11111000111101010000001111111111 --> 101 010
00000111000000001111100011111111 --> 101 111
10000000000000000000000000000001 --> 100 00000 11111 000
11111111110000000000001111111100 --> 101 110
11111000111101010000001111111111 --> 101 010
01111111110000000000000000000010 --> 101 001
00000000001010000000000000000000 --> 001 01010 1010 000
11111111110000000000001111111100 --> 101 110
01111111110000000000000000000010 --> 101 001
01111111111111000111111111110111 --> 101 101
01111111110000000000000000000010 --> 101 001
11010110000000100000000000001000 --> 101 011
01111111110000000000000000000010 --> 101 001
11111111110000000000001111111100 --> 101 110
00000111000000001111100011111111 --> 101 111
01111111110000000000000000000010 --> 101 001
01101111110000000000001111111100 --> 001 00000 1001 110
01111111111111000111111111110111 --> 101 101
01111111110000000000000000000010 --> 101 001
00111110000000001111111111111101 --> 101 100
11010110000000100000000000001000 --> 101 011
01111111110000000000000000000010 --> 101 001
00000111000000001111100011111111 --> 101 111
01111111110000000000000000000010 --> 101 001
11111111110000000000001111111100 --> 101 110
01111111110000000000000000000010 --> 101 001
00000000000000000000000000000000 --> 101 000
00111110000000001111111111111101 --> 101 100
11010110000000100000000000001000 --> 101 011
01111111110000000000000000000001 --> 011 11110 001
01110111111111000111110111110111 --> 100 00100 10110 101
00000000000000000000000000000000 --> 101 000
11010110000000100000000000001000 --> 101 011
11010110000000100000000000001000 --> 000 00
00111110000000001111111111111101 --> 101 100
00000000000000000000000000000000 --> 101 000
11111111111111111111111111111111 --> 11111111111111111111111111111111111
11111111111111111111111111111111
11111111111111111111111111111111
11111111111111111111111111111111
11111111111111111111111111111111 --> 000 11
11111111110000000000001111111100 --> 101 110
00000000000000000000000000000000 --> 101 000

Dictionary:
00000000000000000000000000000000 --> 000
01111111110000000000000000000010 --> 001
11111000111101010000001111111111 --> 010
11010110000000100000000000001000 --> 011
00111110000000001111111111111101 --> 100
01111111111111000111111111110111 --> 101
11111111110000000000001111111100 --> 110
11111111110000000000001111111100 --> 111