Code:
00000000000000000000000000000000 --> 101 000
01010000000000000000000000000010 --> 011 00010 001
11111111111111111000000000000000 --> 111 11111111111111111000000000000000
11011111111111111111111111111101 --> 101 100
00000000000000001000000000000000 --> 010 10000 000
11111110000000100000000000001000 --> 101 011
01100000000000000000000000000010 --> 101 001
11101111111111111111111111110111 --> 101 101
00000000000000000000000000000000 --> 101 000
11111110000000100000000000001000 --> 101 011
01111000000000000111111111111111 --> 010 00000 111
00000000000000000000000000000000 --> 101 000
01100000000000000000000000000010 --> 101 001
11011111111111111111111111111101 --> 101 100
00000000000000000000000000000000 --> 101 000
11111000111111111111001111111111 --> 101 010
11101111111111111111111111110111 --> 101 101
11111110000000100000000000001000 --> 101 011
11111110000000100000000000001000 --> 000 00
00000000011111100000000000011100 --> 101 110
11100001111111111111111111110111 --> 001 00100 1110 101
11100000111111111111001111111111 --> 011 00011 010
11111000111111111111001111111111 --> 101 010
00000000011111100000000000011100 --> 101 110
11011111111111111111111111111101 --> 101 100
11111000000000000111111111111111 --> 101 111
11011111111111111111111111111101 --> 101 100
11111000111111111111001111111111 --> 101 010
01100000000000000000000000000010 --> 101 001
01100000000000000000000000000010
01100000000000000000000000000010
01100000000000000000000000000010
01100000000000000000000000000010 --> 000 11
00010000000000000000000000001000 --> 100 00011 11100 000
00000000000000000000000000000000 --> 101 000
11111110000000100000000000001000 --> 101 011
11101111111111111111111111110111 --> 101 101
00000000011111100000000000011100 --> 101 110
11111000111111111111001111111111 --> 101 010
01100000000000000000000000000010 --> 101 001
11111000000000000111111111111111 --> 101 111
00000000011111100000000000011100 --> 101 110
11011111111111111111111111111101 --> 101 100
11101111111111111111111111110111 --> 101 101
00000000000000000000000000000000 --> 101 000
11111110000000100000000000001000 --> 101 011
11101111111111111111101111110111 --> 010 10101 101
11111110000000100000000000001000 --> 101 011
00000000000000000000000000000000 --> 101 000
11011111111111111111111111111101 --> 101 100
11111000000000000111111111111111 --> 101 111
00000000011111100000000000011100 --> 101 110
11011111111111111111111111101111 --> 001 11011 1001 100
11101111111111111111111111110111 --> 101 101
01100000000000000000000000000010 --> 101 001
11111000111111111111001111111111 --> 101 010
11111000111111111111001111111111
11111000111111111111001111111111 --> 000 01
00000000000000000000000000000000 --> 101 000
11111000111111111111001111111111 --> 101 010
00000000000000000000000000000000 --> 101 000
01100000000000000000000000000010 --> 101 001
11111000000000000111111111111111 --> 101 111
11111110000000100000000000001000 --> 101 011
11111000111111111111001111111111 --> 101 010
00000000000000001101000000000000 --> 001 10000 1101 000
00000000011111100000000000011100 --> 101 110
11011111111111111111111111111101 --> 101 100
00000000000000000000000000000000 --> 101 000
01100000000000000000000000000010 --> 101 001
11011111111111111111111111111101 --> 101 100
11111110000000100000000000001000 --> 101 011
00000000000000000000000000000000 --> 101 000
11111000111111111111001111111111 --> 101 010
11111000000000000111111111111111 --> 101 111
11001000111110110101011110011111 --> 111 11001000111110110101011110011111
10100000011111100000000000011100 --> 001 00000 1010 110
00000000000000000000000000000000 --> 101 000
11101111111111111111111111110111 --> 101 101
11011111011111111111111111011101 --> 100 01000 11010 100

Dictionary:
00000000000000000000000000000000 --> 000
01100000000000000000000000000010 --> 001
11111000111111111111001111111111 --> 010
11111110000000100000000000001000 --> 011
11011111111111111111111111111101 --> 100
11101111111111111111111111110111 --> 101
00000000011111100000000000011100 --> 110
11111000000000000111111111111111 --> 111